Damion
1 
20 
20 
10 
15 
10 
15 
4 
0 
364 
0 
16 
220 
19 
210 
19 
206 
19 
221 
19 
0 
19 
0 
19 
0 
19 
0 
51 
50 
0 
0 
0 
0 
0 
82 
0 
0 
0 
1 
0 
0 
0 
0 
2 
1 
1 
0 
0 
0 
5 
0 
0 
35 
8 
1787 
0 
1 
0 
0 
1 
0 
0 
1 
3 
1 
1 
0 
0 
0 
0 
0 
0 
3 
0 
5 
0 
-1 
0 
0 
0 
0 
0 
0 
3 
0 
1 
0 
0 
12 
0 
0 
1 
0 
1 
0 
1 
0 
1 
0 
4 
0 
0 
0 
0 
24 
0 
24 
0 
0 
0 
0 
0 
0 
0 
0 
0 
0 
4 
2 
2 
1 
0 
0 
0 
0 
0 
0 
1 
4 
0 
0 
0 
2 
0 
1 
0 
0 
0 
0 
0 
1 
1 
0 
1 
1 
0 
0 
0 
0 
0 
0 
0 
0 
0 
0 
0 
0 
0 
0 
1 
1 
0 
1 
1 
1 
0 
0 
0 
1 
1 
0 
0 
1 
0 
1 
0 
0 
1 
1 
1 
0 
0 
0 
1 
1 
0 
0 
0 
0 
0 
0 
0 
0 
0 
0 
0 
0 
0 
0 
0 
0 
0 
0 
0 
0 
0 
0 
0 
0 
0 
0 
0 
0 
0 
0 
0 
0 
0 
0 
0 
0 
0 
0 
0 
0 
0 
0 
0 
0 
205 
0 
0 
0 
0 
0 
0 
0 
0 
0 
0 
0 
0 
0 
0 
0 
0 
0 
0 
0 
0 
0 
0 
0 
0 
0 
0 
0 
0 
0 
0 
0 
0 
0 
0 
0 
0 
0 
0 
0 
0 
0 
0 
0 
0 
0 
0 
0 
0 
0 
0 
0 
0 
0 
0 
0 
0 
0 
0 
0 
1 
0 
0 
0 
0 
0 
0 
0 
0 
0 
0 
0 
0 
0 
0 
2 
0 
0 
0 
0 
0 
0 
0 
1 
0 
0 
0 
0 
0 
1 
0 
0 
0 
0 
0 
0 
0 
0 
0 
0 
14 
4 
11 
15 
24 
46 
3 
0 
0 
0 
999 
0 
0 
0 
0 
0 
0 
0 
0 
0 
0 
0 
0 
0 
0 
0 
0 
0 
0 
0 
0 
0 
0 
0 
0 
0 
0 
0 
0 
0 
0 
0 
0 
0 
0 
0 
0 
0 
0 
0 
0 
1500 
1 
0 
2 
0 
0 
3 
2 
0 
0 
0 
0 
0 
0 
0 
0 
0 
0 
26 
2 
1 
0 
1 
1 
1 
0 
0 
30 
1 
0 
0 
10 
0 
0 
2 
1 
0 
0 
5 
0 
1 
0 
0 
0 
6 
6 
0 
5 
1 
1 
0 
0 
0 
0 
0 
0 
0 
4 
1 
0 
0 
0 
2 
1 
0 
1 
1 
1 
0 
0 
0 
0 
0 
2 
0 
2 
0 
0 
0 
0 
1 
1 
0 
0 
0 
0 
0 
0 
0 
1 
0 
0 
0 
0 
0 
0 
0 
0 
0 
17 
0 
1 
1 
1 
2 
1 
0 
0 
3 
4 
1 
0 
0 
0 
1 
0 
0 
0 
0 
0 
0 
0 
0 
0 
0 
0 
0 
0 
0 
0 
0 
0 
0 
0 
0 
0 
0 
0 
0 
0 
0 
1 
0 
0 
0 
5 
0 
0 
0 
0 
0 
0 
0 
0 
0 
0 
0 
0 
0 
0 
0 
201 
1 
1 
1 
259 
232 
220086 